8646955122
3962281153
LP179147728SG
1929244936
LP179146427SG
2755520165
LP179142836SG
5083307655
LP179142986SG
3318973862
LP179145109SG
LP179149542SG
5241430364
LP179148520SG
2317334180
LP179141393SG
5054007151
LP179140163SG
LP179142500SG
LP179147935SG
2736756503
1393420932
5169173306
1224662294
LP179144103SG
2406334372
LP179145364SG
2804427183
LP179148167SG
5794959682
LP179141141SG
LP179142399SG
LP179147609SG
LP179147688SG
LP179140061SG
LP179141433SG
LP179143125SG
LP179145130SG
LP179149383SG
LP179146912SG
LP179143607SG
LP179140755SG
LP179149936SG
LP179141711SG
LP179140557SG
LP179146930SG
LP179148357SG
LP179148312SG
LP179149763SG
LP179149879SG
LP179149091SG
3147777404
LP179141645SG
LP179145024SG
LP179141115SG
LP179149145SG
LP179141416SG
LP179144987SG
LP179145466SG
LP179147008SG
LP179148975SG
2579938045
LP179144871SG
7565914263
LP179147572SG
8699285022
LP179146395SG
7033528736
2149812243
4231718433
4265436895
9892108660
3789807195
2907409422
3847331574
3996192701
1441244350
2181900755
1141478984
8558531111
2105052622
8706143751
7389812920
6485696615
2523789590
2027940736
2321125866
7800232086
7786947420
6360674213
9916141782
1202629783
1235823444
9158488640
7099953151
3051549480
1788926381
1882376322
8052091143
3963786164
2478168862
4453199973
1838794930
4966716963
1242672060
2928659086
1859929632
2957284046
5165063330
6957646463
6739175704
1808794341
1799217604
5244602252
2465253383
3279181231
6468857743
1818083466
4408707693
9097264094
2857856131
9569113363
6423751250
9664780742
7358416365
3971157643
8091862520
8393652002
3219309063
8473049233
2194584932
1799266932
9912527063
6325173024
7386075303
2560872473
2477412302
6279993764
6398183956
2255894082
4571663412
6370922655
1855197934
4014110354
7830885495
5236826291
1542350353
1647449064
1744326706
2685989515
1859155421
2386750612
5863633742
7511447985
8706041853
2002960326
2567515602
1283531550
8613662831
3178134945
7183697765
4140869806
3051882820
6827254394
4561285573
3031327213
8097266030
3406746070
8473395744
6423759812
1086002245
9917082700
6139287405
8432287356
3060718124
1141455593
9984269816
3339455280
1108248901
2009301571
2531379970
7671864362
3821629173
3067906144
4738563336
2272300111
7363192185
6527056023
4291728195
1589129032
5251853563
4571374695
2924951105
4017445843
3682987722
2250109293
1003628754
1098388244
3965411192
6485425026
8369587096
7440776571
1361877134
6467715074
4609021480
2843942172
5164276423
9160930435
8729079203
5263085413
6787420474
3135846932
6180781843
3862095871
6488680623
9061991750
8330970524
9914427165
1236019444
6191607181
2401966873
8093365405
7341421065
4334311365
4866855486
6518698830
5479223201
6596212302
3965835576
7551346832
1684291744
5797901185
6397228983
9142149645
4692033356
9724788570
1737012970
6675806255
3432378994
5021915216
9231292814
3163027884
5997786874
4608530953
2322058292
5051892436
1064543782
2527402426
7025203113
5718442973
1056444012
7541934960
6478046481
2505026882
2798080121
9156569730
1510070796
3316589942
6003057620
3980516223
5460254063
1163840090
8195033626
9455096556
8404499213
5095129023
7278506222
5814881866
6008853631
3439381886
3099672553
5164035085
6390128905
7448784685
3966881855
6588630484
5093684212
9295579053
2443314506
3969932330
7146447442
9258273146
8754768400
7430331226
6995730416
6858445683
1264114482
7739190384
1311315191
3172958014
3136894530
5586097005
7774809792
3756124201
9876910960
8704837890
9287297176
4884849465
8706190124
1749761322
1124139483
3124029661
3962927522
4446563063
7948367571
1964947574
2387253396
3749999363
1693381012
4571742556
4710115082
4140709311
2346872150
9002212472
7395994955
8173638303
8197146252
6422591206
8746925316
8737089524
6654484001
1501790253
6001760962
8649106966
7976459120
3450997550
1668643336
1589492704
5643128374
4968511122
6634932883
9699759705
8285796960
3031370576
1151273653
8198949205
5136910866
3496195522
5388692595
9499821995
6485438164
9717871284
9892432174
8983245552
3173104771
8574680225
1860096405
1275405132
3310880602
3695360126
9370714765
4632232706
1820237090
6314930602
4657671174
6367641346
4103630661
6025055934
4310336660
5635519923
1884810616
9507237224
6072598265
3880282372
2776110223
5633974043
1722580075
4625362206
1794176241
5745235591
6057338954
7516515075
9648753870
1640905501
7512838701
4860408921
8111907856
4823671333
4733670642
5636262354
2990765691
7798100074
4812248335
1687178791
9569857791
8513324481
1494317543
3455728905
2433194212
3099516055
1885458680
2571430315
7569421926
9685957665
2053822444
8092148971
2072460622
3332305992
8214632532
6930609674
3435937680
4692024982
3029539402
8573157810
7922625734
6211841930
3331409480
3793597231
4585616033
2477632290
5635055182
3475511104
8696013410
8053049384
4703966643
1648968241
5826665670
4497147686
6306946564
4704176153
6880575800
7767125472
7727722822
5993176022
7087890143
1312623981
7703618495
5986744853
9835035350
8082880374
4108729306
6775043726
3818730996
9060385806
9219324435
2809139071
7012397615
1473493125
1969566281
3046240002
6848770655
3023812002
3692637874
6068673004
6824951781
4643117334
7629581190
3997731360
8099188753
2703672101
4909085996
6571452705
6878079316
8701045216
7553154280
7518863682
3494800794
9227192752
5974036106
8179605862
7201595295
1718252351
6283802103
4871893283
5390850500
6777601121
8451724374
9465170466
6304522700
2233505680
9229863580
7972860151
3798770080
9568364525
4543967805
5006393836
1652298082
8551616990
2122399786
3362560972
6024744611
5061432526
5229563695
2321738123
5765049430
6463041432
4528174593
6053264232
5643064615
2352789305
9929409781
3805417991
4880428803
7087568294
1377019346
8246813805
4855423716
7345917073
6321678812
5703459075
2143804961
1409355496
1533723811
4449710440
1592910922
5697512424
5392911624
7412667054
5982655615
4837249491
8754787370
5505616686
7972921062
5791278485
6905334343
6654859046
8180499261
8413988516
8098893390
4901991743
6628739611
6898627713
4341759391
3976493592
2330768613
2765959803
7727618533
4564756652
9772484783
8096584786
9800415085
2912840280
4898287402
2796158072
5196477090
8214385896
7087040100
6294629320
2259225216
1873504776
1522896491
1171852603
3122744693
2996861490
5979280775
6000700683
7264733442
8998515013
8725150814
2263484215
6701279174
6064229835
8278098356
5259722241
1159978923
1525447475
5146403006
2218426976
9774001296
3837361776
1468073913
1451177420
7259506774
9243272253
5048693554
7462131235
2675503854
7135265502
6325227845
9228876064
4524629885
4690883632
7807601351
2845120456
3200301473
2096371454
1357601556
8706853621
4502677616
7918831056
7096987041
9157782756
1043577916
7259101592
2447459243
7920546012
1960825344
4964688886
6179850073
7964230363
1915731156
1394464142
9458315016
6276479145
6905230021
6916400153
7553578933
3196683943
5722000815
1704475323
8063584443
3440190961
4975918721
4159592710
3869248294
6987507085
7427437511
3964746623
1586401806
7919115061
5539676170
9520013985
9717095172
1371796403
3285242380
1344789213
4581006931
4828643116
4440195152
4587784972
5808703423
6768151434
9646866084
4861635446
7736931311
1398147365
9258599265
1612277682
7758182342
4908205746
6880670020
2015854831
3136939455
5664300810
7963052075
8971400524
6872006304
6519665051
2549621583
3968321125
7087335496
2590978692
7691212012
1374589145
7555055900
6999643921
2939592644
7770964880
9151340026
4348972143
1171499965
8396010932
1239107785
6110964193
4435996585
3471118840
2845463482
6575617624
1963840686
1040897480
2546847262
5576265844
5488293241
3298911313
6969820056
5722536293
1468579313
4961647611
9228587756
7832229366
1373236804
5636370681
4738814360
6776089530
9916010915
4286849895
7698038751
1689161051
4629747942
4823020414
8970552813
8097434306
6955912504
7427519713
6334054834
1003401755
6729320146
3871889081
2961854556
5180998712
2162376506
3703625435
3383371364
4378037123
4563362926
2346868963
7070455490
3304865185
4878202081
4316462113
2442306016
1824923015
9870979171
3973645583
9885549796
7725696694
1127467386
5722279942
5727331676
3176244680
4094240695
6047127435
1204962986
4632037605
9518206445
1969420504
9571636196
8224622685
7243619692
4796651602
7446275314
8558016095
5764909721
9219338796
9259568975
6799527066
9370287872
2123316204
8127161523
7188172121
8531860886
8736148713
1190898144
6325289972
2574595170
9515339223
6201378875
3967509755
6745514672
3137238160
5846385871
7219350025
9514865312
6024617244
2012867931
1882244383
5096539976
7715386361
9142494664
2361785856
3737033591
8180537002
6784784576
5596311965
9652759185
4456088405
7306567262
5697705112
2913914990
2509514700
8911532420
4341454342
5352314321
4647285812
8431149845
5482585846
7289370130
1487826373
4946013973
8098688091
6072552485
9562292784
4473718686
2560519334
7337534680
7514465033
1883640754
8031626094
8719541213
2730258215
4233222125
3138505355
4646397954
3650540191
5016554384
8083965481
9113171782
6185297904
6310564013
4808749341
7577536271
4785560032
5829861402
3264467080
2028188746
8923904511
9917461890
8577595224
5335828562
3184140820
6043957415
4938800112
2765761541
4316657295
1321876006
5056744630
4385660624
1388984402
2829281416
7818632625
6421623596
1258588623
3455909914
3545856635
8487344913
6307406490
4936968573
8375436182
2321451823
2091967511
3971457254
4568370586
8296774474
7651131272
9029853291
4966667296
3347773892
5479226395
2369849823
7419492566
5701763642
4137998734
6987344792
1605964290
9290612800
6689702025
5865933264
7630015971
7016193903
8048375300
1978057045
9569122231
8093110034
9165675466
1445343605
6188033880
2160685450
6799929345
2257294992
2864696402
5411882523
8981945932
4965369334
1251227736
5611704851
8204262640
7502249112
4647127881
1397955355
3806635442
8370932253
2569057831
4387520045
3014102781
3331469094
1326037355
1475252332
1263159925
3522344420
3896214276
6487766666
5879684333
9783462135
8391591375
8689283525
5594835901
2665699993
2430722906
2916617362
1387208756
5243582761
4239269451
9876378352
2803916356
4917823304
2513247752
4452449212
2767680915
5166721954
8296825703
1106468952
6914864504
3703593633
1238986070
6980359492
9792863721
8243026433
3972174113
7289237966
5553532994
7342612863
6210014510
8052696886
4440857411
4733417485
2119098575
4480434265
3883914602
1531212056
1856201830
1325150422
2639415962
7474112914
9929457742
3136752146
8180036756
5190768096
4530478956
2799786905
5814277431
3506361703
1263059361
4740038575
1491923952
1579777511
4571783635
1740036406
2224543005
3317574632
5754740202
7092172706
6408023160
4720463775
5241959520
6041695306
9782709436
3972752394
2842577555
3977024881
3693327901
5777878584
5986869033
5685359621
9258924765
5592209066
5421513075
9023672615
2993686743
2142730892
1583181504
7252006241
1591667195
4530768642
1131735920
4430951254
4510853815
4231832920
1469973396
8014333810
8579550884
7541963590
4739210490
6473331664
1622978140
7519774356
2625837270
2346309081
9029038631
9835019541
5078839754
3319112112
2816720535
9726693756
4004374916
7948303823
8707096624
4536528393
4387557241
5592196035
6880685652
5252599704
2129670200
9057424051
4285097784
4106303666
3105878790
7362700343
8680556010
2260637396
2477975382
2484072452
5041186360
3102818843
4108782930
4341380444
8408904630
3619316293
4285099232
2914434386
7111317522
8219966123
6025321761
7153597054
8963171991
3078655635
4881140600
4473850603
4988670691
8127268704
1417265566
6441831841
2061507700
5898970674
3970407630
3334889924
6041531672
8567583824
6482744940
2912548715
8487459595
6359734905
5351989296
1748669904
2149760222
3314811290
6197250371
4177100701
7900387552
8693816261
4480001536
3813593755
5143984845
7981896171
2580538096
9754319330
4730868925
8726178005
6768715306
4680458904
1016405390
7448277970
1282413915
6765786134
3497587553
8737137010
9417356944
8352670281
6389871320
4267117352
1722402010
4247369140
3106136821
1647391082
6185264153
3110544625
5762750346
1816579704
8173129053
3982347563
8099818392
3855941530
1769600571
2865692222
1740085093
6739354112
5727436260
6587576424
1961846294
2123313161
8228050913
5737016191
3244338871
1209705862
3855972035
2926186012
3151500494
4543174016
9179334592
3995786255
6957674205
8180077404
4019989595
1827283415
5641114916
7511485623
4563080583
4543595803
7213775306
3313474625
1036135660
5847104944
3148140376
3448745311
8970437114
5114748170
3894902362
7671747694
6518734213
5705079656
1141445642
6726288310
8372000324
7198862742
2260175551
1877166185
7523572545
1831149261
4960817083
3537348290
2810355343
3128602444
6178655980
1883398661
3655244972
6575726953
9281191791
8254894933
1773822116
6426059360
4568328376
7632473656
4610726142
3332274654
2388764943
4703922683
4042302143
2843878936
4703466681
7948476605
1773920691
7903550314
3485913642
4290660286
4940510536
4996219900
2520685672
4917766372
1058370994
2755816932
7011019433
6170188382
8575029820
1898987506
2875421194
7436772910
4471819041
4123703651
2265995782
7634565621
2914814055
9242933932
4666738252
4739135564
4752067644
5056863442
4788422590
4564664856
6309929894
2238035693
6431935580
4451153125
8199821593
7831431882
9286671811
6786916415
1680522480
7440442100
6833452802
5527144313
6024834944
6495969314
1679701634
4405103264
5388710843
3322612344
7516439873
6840892925
8090410963
6823762142
7927791885
2369566555
8082296121
2170343696
3709908845
2841307442
4635513971
6410232916
6442266913
2073517854
1460257481
3223760330
3696145515
6335185636
7256905213
8567577281
9770858020
8980900040
8577858365
9571562431
1411179626
1572444053
7496720534
2802428296
6204335270
8197107236
2992137315
7634444440
3377223872
1633787982
3707377100
1315005801
9568977165
7307580033
5857862161
3623832295
2865551286
7758261324
8573471992
3786201193
4844465706
3153435471
2115294123
2116858306
6383182492
2371426816
7425697381
9243580150
8947508754
3322402031
2892086083
4137405565
5159092536
4923844531
5503750976
7907587936
2683824592
5978953035
2338267234
6597213372
8348435874
3686963814
1315041033
7278398816
1686911122
2925823191
4959422193
1905946011
5632362105
1204897234
2257556696
4041141930
7727834623
8558081210
2795443501
2916423366
2696323803
3976214841
8688829111
6314528404
5954409064
3835092531
7314157152
2490021741
9283962096
4739460235
5769264244
3895267666
8531760436
9499667520
2225445961
4945940333
7553952416
3307195124
2749990736
7901127393
6924979460
8235190924
3244295062
8754517214
5067560956
9861492001
4128922770
2837965034
9718635275
6200770811
6478728340
4287566861
8345270721
1439916671
7292429373
5592577734
8566947351
8197165034
4629303022
2798245461
5620568446
5272211033
2458658440
9559892020
7599843495
3433641540
1600907582
7135146465
3967675961
1421438222
5330405382
1463309875
5636890453
6304423285
7986221806
2957283044
1595368622
1282511020
1220699023
9863770383
6827983175
2463578294
3472764901
6736299150
2036075624
2030647566
5957736621
9635511266
3138624053
4090379226
4029223811
4940659592
4260452696
9648802726
8476652203
3970800304
3173391196
2948469591
5108446641
8705630415
8092847136
7628469645
5633623380
3440201855
9296540330
3627831605
2717017166
6384247811
1919957362
4229234914
6702495461
1132688631
1999770894
1464706445
8207241980
3784855325
5952155856
3283792116
6673202900
6456655520
5718031314
7431220031
4017226275
2246019322
4316346366
9295557526
9149513892
8454913530
6273682995
8680908865
2475784920
9421202475
1340302795
2487585914
7662682705
5013703295
5792001784
4842820334
3136018340
2560332106
2927208185
6062451636
8747161220
5596105432
